{
  "asset": {
    "version": "2.0",
    "generator": "THREE.JS GLTFExporter"
  },
  "scenes": [
    {
      "nodes": [
        200
      ],
      "name": "AuxScene"
    }
  ],
  "scene": 0,
  "nodes": [
    {
      "mesh": 0
    },
    {
      "matrix": [
        1,
        0,
        0,
        0,
        0,
        1,
        0,
        0,
        0,
        0,
        1,
        0,
        -4.333,
        6.5,
        0,
        1
      ],
      "children": [
        0
      ]
    },
    {
      "mesh": 1
    },
    {
      "matrix": [
        1,
        0,
        0,
        0,
        0,
        1,
        0,
        0,
        0,
        0,
        1,
        0,
        4.333,
        6.5,
        0,
        1
      ],
      "children": [
        2
      ]
    },
    {
      "mesh": 2
    },
    {
      "matrix": [
        2.220446049250313e-16,
        0,
        -1,
        0,
        0,
        1,
        0,
        0,
        1,
        0,
        2.220446049250313e-16,
        0,
        0,
        6.5,
        -5.315,
        1
      ],
      "children": [
        4
      ]
    },
    {
      "mesh": 3
    },
    {
      "matrix": [
        2.220446049250313e-16,
        0,
        -1,
        0,
        0,
        1,
        0,
        0,
        1,
        0,
        2.220446049250313e-16,
        0,
        0,
        6.5,
        5.315,
        1
      ],
      "children": [
        6
      ]
    },
    {
      "mesh": 4
    },
    {
      "matrix": [
        0.992736358975087,
        -0.11982631036889796,
        0.010778539430912832,
        0,
        0.1203101058468789,
        0.988744330558865,
        -0.08893889598378572,
        0,
        0,
        0.0895896429900153,
        0.9959787627599905,
        0,
        3.9188756782298206,
        3.766774282557146,
        -4.991684125437885,
        1
      ],
      "children": [
        8
      ]
    },
    {
      "mesh": 5
    },
    {
      "matrix": [
        0.9914448613738104,
        0.13000131543509968,
        -0.011693794961840531,
        0,
        -0.13052619222005157,
        0.9874580263758381,
        -0.08882319117476487,
        0,
        8.673617379884035e-19,
        0.08958964299001529,
        0.9959787627599905,
        0,
        -3.929,
        3.766774282557146,
        -4.991684125437885,
        1
      ],
      "children": [
        10
      ]
    },
    {
      "mesh": 6
    },
    {
      "matrix": [
        0.9914903632068973,
        -0.12958078135258758,
        -0.012477210101134013,
        0,
        0.1301801047313104,
        0.9869257382538389,
        0.09503013997811526,
        0,
        8.673617379884035e-19,
        -0.09584575252022397,
        0.9953961983671789,
        0,
        3.927556953902703,
        3.767,
        5.00643404852648,
        1
      ],
      "children": [
        12
      ]
    },
    {
      "mesh": 7
    },
    {
      "matrix": [
        0.9914903632068973,
        0.12958078135258758,
        0.012477210101134013,
        0,
        -0.1301801047313104,
        0.9869257382538389,
        0.09503013997811526,
        0,
        -8.673617379884035e-19,
        -0.09584575252022397,
        0.9953961983671789,
        0,
        -3.927556953902703,
        3.767,
        5.00643404852648,
        1
      ],
      "children": [
        14
      ]
    },
    {
      "mesh": 8
    },
    {
      "matrix": [
        0.9914903632068973,
        0.1301801047313104,
        0,
        0,
        -0.1301801047313104,
        0.9914903632068973,
        0,
        0,
        0,
        0,
        1,
        0,
        -4.16363,
        4.47275,
        -4.63009,
        1
      ],
      "children": [
        16
      ]
    },
    {
      "mesh": 9
    },
    {
      "matrix": [
        0.9914903632068973,
        0.1301801047313104,
        0,
        0,
        -0.1301801047313104,
        0.9914903632068973,
        0,
        0,
        0,
        0,
        1,
        0,
        -4.16363,
        4.47275,
        4.63529,
        1
      ],
      "children": [
        18
      ]
    },
    {
      "mesh": 10
    },
    {
      "matrix": [
        0.9914903632068973,
        -0.1301801047313104,
        0,
        0,
        0.1301801047313104,
        0.9914903632068973,
        0,
        0,
        0,
        0,
        1,
        0,
        4.14791,
        4.46428,
        4.63472,
        1
      ],
      "children": [
        20
      ]
    },
    {
      "mesh": 11
    },
    {
      "matrix": [
        0.9914903632068973,
        -0.1301801047313104,
        0,
        0,
        0.1301801047313104,
        0.9914903632068973,
        0,
        0,
        0,
        0,
        1,
        0,
        4.14791,
        4.46428,
        -4.60026,
        1
      ],
      "children": [
        22
      ]
    },
    {
      "mesh": 12
    },
    {
      "matrix": [
        1.1102230246251565e-16,
        -0.10209807822423742,
        -0.9947743374368468,
        0,
        1.3877787807814457e-17,
        0.9947743374368467,
        -0.10209807822423742,
        0,
        1,
        0,
        1.1102230246251565e-16,
        0,
        3.50879,
        4.47391,
        -5.19894,
        1
      ],
      "children": [
        24
      ]
    },
    {
      "mesh": 13
    },
    {
      "matrix": [
        1.1102230246251565e-16,
        -0.10209807822423742,
        -0.9947743374368468,
        0,
        1.3877787807814457e-17,
        0.9947743374368467,
        -0.10209807822423742,
        0,
        1,
        0,
        1.1102230246251565e-16,
        0,
        -3.51557,
        4.47391,
        -5.19894,
        1
      ],
      "children": [
        26
      ]
    },
    {
      "mesh": 14
    },
    {
      "matrix": [
        1.1102230246251565e-16,
        0.10209807822423742,
        -0.9947743374368468,
        0,
        -1.3877787807814457e-17,
        0.9947743374368467,
        0.10209807822423742,
        0,
        1,
        0,
        1.1102230246251565e-16,
        0,
        -3.50991,
        4.46724,
        5.22006,
        1
      ],
      "children": [
        28
      ]
    },
    {
      "mesh": 15
    },
    {
      "matrix": [
        1.1102230246251565e-16,
        0.10209807822423742,
        -0.9947743374368468,
        0,
        -1.3877787807814457e-17,
        0.9947743374368467,
        0.10209807822423742,
        0,
        1,
        0,
        1.1102230246251565e-16,
        0,
        3.49699,
        4.46724,
        5.22006,
        1
      ],
      "children": [
        30
      ]
    },
    {
      "mesh": 16
    },
    {
      "matrix": [
        1,
        0,
        0,
        0,
        0,
        1,
        0,
        0,
        0,
        0,
        1,
        0,
        -3.666,
        1,
        0,
        1
      ],
      "children": [
        32
      ]
    },
    {
      "mesh": 17
    },
    {
      "matrix": [
        1,
        0,
        0,
        0,
        0,
        1,
        0,
        0,
        0,
        0,
        1,
        0,
        3.666,
        1,
        0,
        1
      ],
      "children": [
        34
      ]
    },
    {
      "mesh": 18
    },
    {
      "matrix": [
        2.220446049250313e-16,
        0,
        -1,
        0,
        0,
        1,
        0,
        0,
        1,
        0,
        2.220446049250313e-16,
        0,
        0,
        1,
        -4.815,
        1
      ],
      "children": [
        36
      ]
    },
    {
      "mesh": 19
    },
    {
      "matrix": [
        2.220446049250313e-16,
        0,
        -1,
        0,
        0,
        1,
        0,
        0,
        1,
        0,
        2.220446049250313e-16,
        0,
        0,
        1,
        4.815,
        1
      ],
      "children": [
        38
      ]
    },
    {
      "mesh": 20
    },
    {
      "matrix": [
        0.9914903632068973,
        0.1301801047313104,
        0,
        0,
        -0.1301801047313104,
        0.9914903632068973,
        0,
        0,
        0,
        0,
        1,
        0,
        -3.82024,
        1.95733,
        0,
        1
      ],
      "children": [
        40
      ]
    },
    {
      "mesh": 21
    },
    {
      "matrix": [
        0.9914903632068973,
        -0.1301801047313104,
        0,
        0,
        0.1301801047313104,
        0.9914903632068973,
        0,
        0,
        0,
        0,
        1,
        0,
        3.83265,
        1.95733,
        0,
        1
      ],
      "children": [
        42
      ]
    },
    {
      "mesh": 22
    },
    {
      "matrix": [
        1.1102230246251565e-16,
        -0.10209807822423742,
        -0.9947743374368468,
        0,
        1.3877787807814457e-17,
        0.9947743374368467,
        -0.10209807822423742,
        0,
        1,
        0,
        1.1102230246251565e-16,
        0,
        0.04249,
        1.95733,
        -4.96814,
        1
      ],
      "children": [
        44
      ]
    },
    {
      "mesh": 23
    },
    {
      "matrix": [
        1.1102230246251565e-16,
        0.10209807822423742,
        -0.9947743374368468,
        0,
        -1.3877787807814457e-17,
        0.9947743374368467,
        0.10209807822423742,
        0,
        1,
        0,
        1.1102230246251565e-16,
        0,
        0.04249,
        1.95733,
        4.97261,
        1
      ],
      "children": [
        46
      ]
    },
    {
      "mesh": 24
    },
    {
      "matrix": [
        0.9914903632068973,
        0.1301801047313104,
        0,
        0,
        -0.1301801047313104,
        0.9914903632068973,
        0,
        0,
        0,
        0,
        1,
        0,
        -4.16363,
        4.45982,
        0,
        1
      ],
      "children": [
        48
      ]
    },
    {
      "mesh": 25
    },
    {
      "matrix": [
        0.9914903632068973,
        -0.1301801047313104,
        0,
        0,
        0.1301801047313104,
        0.9914903632068973,
        0,
        0,
        0,
        0,
        1,
        0,
        4.14791,
        4.46,
        0,
        1
      ],
      "children": [
        50
      ]
    },
    {
      "mesh": 26
    },
    {
      "matrix": [
        1.1102230246251565e-16,
        -0.10209807822423742,
        -0.9947743374368468,
        0,
        1.3877787807814457e-17,
        0.9947743374368467,
        -0.10209807822423742,
        0,
        1,
        0,
        1.1102230246251565e-16,
        0,
        -0.00156,
        4.46,
        -5.19894,
        1
      ],
      "children": [
        52
      ]
    },
    {
      "mesh": 27
    },
    {
      "matrix": [
        1.1102230246251565e-16,
        0.10209807822423742,
        -0.9947743374368468,
        0,
        -1.3877787807814457e-17,
        0.9947743374368467,
        0.10209807822423742,
        0,
        1,
        0,
        1.1102230246251565e-16,
        0,
        0.00386,
        4.46,
        5.22006,
        1
      ],
      "children": [
        54
      ]
    },
    {
      "mesh": 28
    },
    {
      "matrix": [
        0.9914903632068973,
        0.1301801047313104,
        0,
        0,
        -0.1301801047313104,
        0.9914903632068973,
        0,
        0,
        0,
        0,
        1,
        0,
        -4.16363,
        4.47275,
        -3.68995,
        1
      ],
      "children": [
        56
      ]
    },
    {
      "mesh": 29
    },
    {
      "matrix": [
        0.9914903632068973,
        0.1301801047313104,
        0,
        0,
        -0.1301801047313104,
        0.9914903632068973,
        0,
        0,
        0,
        0,
        1,
        0,
        -4.16363,
        4.47275,
        -3.11995,
        1
      ],
      "children": [
        58
      ]
    },
    {
      "mesh": 30
    },
    {
      "matrix": [
        0.9914903632068973,
        0.1301801047313104,
        0,
        0,
        -0.1301801047313104,
        0.9914903632068973,
        0,
        0,
        0,
        0,
        1,
        0,
        -4.16363,
        4.47275,
        -2.52356,
        1
      ],
      "children": [
        60
      ]
    },
    {
      "mesh": 31
    },
    {
      "matrix": [
        0.9914903632068973,
        0.1301801047313104,
        0,
        0,
        -0.1301801047313104,
        0.9914903632068973,
        0,
        0,
        0,
        0,
        1,
        0,
        -4.16363,
        4.47275,
        -1.95744,
        1
      ],
      "children": [
        62
      ]
    },
    {
      "mesh": 32
    },
    {
      "matrix": [
        0.9914903632068973,
        0.1301801047313104,
        0,
        0,
        -0.1301801047313104,
        0.9914903632068973,
        0,
        0,
        0,
        0,
        1,
        0,
        -4.16363,
        4.47275,
        -1.35418,
        1
      ],
      "children": [
        64
      ]
    },
    {
      "mesh": 33
    },
    {
      "matrix": [
        0.9914903632068973,
        0.1301801047313104,
        0,
        0,
        -0.1301801047313104,
        0.9914903632068973,
        0,
        0,
        0,
        0,
        1,
        0,
        -4.16363,
        4.47275,
        -0.76674,
        1
      ],
      "children": [
        66
      ]
    },
    {
      "mesh": 34
    },
    {
      "matrix": [
        0.9914903632068973,
        0.1301801047313104,
        0,
        0,
        -0.1301801047313104,
        0.9914903632068973,
        0,
        0,
        0,
        0,
        1,
        0,
        -4.16363,
        4.47275,
        -0.21051,
        1
      ],
      "children": [
        68
      ]
    },
    {
      "mesh": 35
    },
    {
      "matrix": [
        0.9914903632068973,
        0.1301801047313104,
        0,
        0,
        -0.1301801047313104,
        0.9914903632068973,
        0,
        0,
        0,
        0,
        1,
        0,
        -4.16363,
        4.47275,
        0.37033,
        1
      ],
      "children": [
        70
      ]
    },
    {
      "mesh": 36
    },
    {
      "matrix": [
        0.9914903632068973,
        0.1301801047313104,
        0,
        0,
        -0.1301801047313104,
        0.9914903632068973,
        0,
        0,
        0,
        0,
        1,
        0,
        -4.16363,
        4.47275,
        0.93978,
        1
      ],
      "children": [
        72
      ]
    },
    {
      "mesh": 37
    },
    {
      "matrix": [
        0.9914903632068973,
        0.1301801047313104,
        0,
        0,
        -0.1301801047313104,
        0.9914903632068973,
        0,
        0,
        0,
        0,
        1,
        0,
        -4.16363,
        4.47275,
        1.48256,
        1
      ],
      "children": [
        74
      ]
    },
    {
      "mesh": 38
    },
    {
      "matrix": [
        0.9914903632068973,
        0.1301801047313104,
        0,
        0,
        -0.1301801047313104,
        0.9914903632068973,
        0,
        0,
        0,
        0,
        1,
        0,
        -4.16363,
        4.47275,
        2.03288,
        1
      ],
      "children": [
        76
      ]
    },
    {
      "mesh": 39
    },
    {
      "matrix": [
        0.9914903632068973,
        0.1301801047313104,
        0,
        0,
        -0.1301801047313104,
        0.9914903632068973,
        0,
        0,
        0,
        0,
        1,
        0,
        -4.16363,
        4.47275,
        2.54979,
        1
      ],
      "children": [
        78
      ]
    },
    {
      "mesh": 40
    },
    {
      "matrix": [
        0.9914903632068973,
        0.1301801047313104,
        0,
        0,
        -0.1301801047313104,
        0.9914903632068973,
        0,
        0,
        0,
        0,
        1,
        0,
        -4.16363,
        4.47275,
        3.12884,
        1
      ],
      "children": [
        80
      ]
    },
    {
      "mesh": 41
    },
    {
      "matrix": [
        0.9914903632068973,
        0.1301801047313104,
        0,
        0,
        -0.1301801047313104,
        0.9914903632068973,
        0,
        0,
        0,
        0,
        1,
        0,
        -4.16363,
        4.47275,
        3.69277,
        1
      ],
      "children": [
        82
      ]
    },
    {
      "mesh": 42
    },
    {
      "matrix": [
        0.9914903632068973,
        -0.1301801047313104,
        0,
        0,
        0.1301801047313104,
        0.9914903632068973,
        0,
        0,
        0,
        0,
        1,
        0,
        4.165,
        4.47275,
        -3.68995,
        1
      ],
      "children": [
        84
      ]
    },
    {
      "mesh": 43
    },
    {
      "matrix": [
        0.9914903632068973,
        -0.1301801047313104,
        0,
        0,
        0.1301801047313104,
        0.9914903632068973,
        0,
        0,
        0,
        0,
        1,
        0,
        4.165,
        4.47275,
        -3.11995,
        1
      ],
      "children": [
        86
      ]
    },
    {
      "mesh": 44
    },
    {
      "matrix": [
        0.9914903632068973,
        -0.1301801047313104,
        0,
        0,
        0.1301801047313104,
        0.9914903632068973,
        0,
        0,
        0,
        0,
        1,
        0,
        4.165,
        4.47275,
        -2.52356,
        1
      ],
      "children": [
        88
      ]
    },
    {
      "mesh": 45
    },
    {
      "matrix": [
        0.9914903632068973,
        -0.1301801047313104,
        0,
        0,
        0.1301801047313104,
        0.9914903632068973,
        0,
        0,
        0,
        0,
        1,
        0,
        4.165,
        4.47275,
        -1.95744,
        1
      ],
      "children": [
        90
      ]
    },
    {
      "mesh": 46
    },
    {
      "matrix": [
        0.9914903632068973,
        -0.1301801047313104,
        0,
        0,
        0.1301801047313104,
        0.9914903632068973,
        0,
        0,
        0,
        0,
        1,
        0,
        4.165,
        4.47275,
        -1.35418,
        1
      ],
      "children": [
        92
      ]
    },
    {
      "mesh": 47
    },
    {
      "matrix": [
        0.9914903632068973,
        -0.1301801047313104,
        0,
        0,
        0.1301801047313104,
        0.9914903632068973,
        0,
        0,
        0,
        0,
        1,
        0,
        4.165,
        4.47275,
        -0.76674,
        1
      ],
      "children": [
        94
      ]
    },
    {
      "mesh": 48
    },
    {
      "matrix": [
        0.9914903632068973,
        -0.1301801047313104,
        0,
        0,
        0.1301801047313104,
        0.9914903632068973,
        0,
        0,
        0,
        0,
        1,
        0,
        4.165,
        4.47275,
        -0.21051,
        1
      ],
      "children": [
        96
      ]
    },
    {
      "mesh": 49
    },
    {
      "matrix": [
        0.9914903632068973,
        -0.1301801047313104,
        0,
        0,
        0.1301801047313104,
        0.9914903632068973,
        0,
        0,
        0,
        0,
        1,
        0,
        4.165,
        4.47275,
        0.37033,
        1
      ],
      "children": [
        98
      ]
    },
    {
      "mesh": 50
    },
    {
      "matrix": [
        0.9914903632068973,
        -0.1301801047313104,
        0,
        0,
        0.1301801047313104,
        0.9914903632068973,
        0,
        0,
        0,
        0,
        1,
        0,
        4.165,
        4.47275,
        0.93978,
        1
      ],
      "children": [
        100
      ]
    },
    {
      "mesh": 51
    },
    {
      "matrix": [
        0.9914903632068973,
        -0.1301801047313104,
        0,
        0,
        0.1301801047313104,
        0.9914903632068973,
        0,
        0,
        0,
        0,
        1,
        0,
        4.165,
        4.47275,
        1.48256,
        1
      ],
      "children": [
        102
      ]
    },
    {
      "mesh": 52
    },
    {
      "matrix": [
        0.9914903632068973,
        -0.1301801047313104,
        0,
        0,
        0.1301801047313104,
        0.9914903632068973,
        0,
        0,
        0,
        0,
        1,
        0,
        4.165,
        4.47275,
        2.03288,
        1
      ],
      "children": [
        104
      ]
    },
    {
      "mesh": 53
    },
    {
      "matrix": [
        0.9914903632068973,
        -0.1301801047313104,
        0,
        0,
        0.1301801047313104,
        0.9914903632068973,
        0,
        0,
        0,
        0,
        1,
        0,
        4.165,
        4.47275,
        2.54979,
        1
      ],
      "children": [
        106
      ]
    },
    {
      "mesh": 54
    },
    {
      "matrix": [
        0.9914903632068973,
        -0.1301801047313104,
        0,
        0,
        0.1301801047313104,
        0.9914903632068973,
        0,
        0,
        0,
        0,
        1,
        0,
        4.165,
        4.47275,
        3.12884,
        1
      ],
      "children": [
        108
      ]
    },
    {
      "mesh": 55
    },
    {
      "matrix": [
        0.9914903632068973,
        -0.1301801047313104,
        0,
        0,
        0.1301801047313104,
        0.9914903632068973,
        0,
        0,
        0,
        0,
        1,
        0,
        4.165,
        4.47275,
        3.69277,
        1
      ],
      "children": [
        110
      ]
    },
    {
      "mesh": 56
    },
    {
      "matrix": [
        2.220446049250313e-16,
        -0.0960194804697611,
        -0.9953794549669573,
        0,
        1.3877787807814457e-17,
        0.9953794549669573,
        -0.0960194804697611,
        0,
        0.9999999999999999,
        0,
        2.220446049250313e-16,
        0,
        2.59187,
        4.47637,
        -5.22299,
        1
      ],
      "children": [
        112
      ]
    },
    {
      "mesh": 57
    },
    {
      "matrix": [
        2.220446049250313e-16,
        -0.0960194804697611,
        -0.9953794549669573,
        0,
        1.3877787807814457e-17,
        0.9953794549669573,
        -0.0960194804697611,
        0,
        0.9999999999999999,
        0,
        2.220446049250313e-16,
        0,
        2.00929,
        4.47637,
        -5.22299,
        1
      ],
      "children": [
        114
      ]
    },
    {
      "mesh": 58
    },
    {
      "matrix": [
        2.220446049250313e-16,
        -0.0960194804697611,
        -0.9953794549669573,
        0,
        1.3877787807814457e-17,
        0.9953794549669573,
        -0.0960194804697611,
        0,
        0.9999999999999999,
        0,
        2.220446049250313e-16,
        0,
        1.43813,
        4.47637,
        -5.22299,
        1
      ],
      "children": [
        116
      ]
    },
    {
      "mesh": 59
    },
    {
      "matrix": [
        2.220446049250313e-16,
        -0.0960194804697611,
        -0.9953794549669573,
        0,
        1.3877787807814457e-17,
        0.9953794549669573,
        -0.0960194804697611,
        0,
        0.9999999999999999,
        0,
        2.220446049250313e-16,
        0,
        0.85798,
        4.47637,
        -5.22299,
        1
      ],
      "children": [
        118
      ]
    },
    {
      "mesh": 60
    },
    {
      "matrix": [
        2.220446049250313e-16,
        -0.0960194804697611,
        -0.9953794549669573,
        0,
        1.3877787807814457e-17,
        0.9953794549669573,
        -0.0960194804697611,
        0,
        0.9999999999999999,
        0,
        2.220446049250313e-16,
        0,
        0.29487,
        4.47637,
        -5.22299,
        1
      ],
      "children": [
        120
      ]
    },
    {
      "mesh": 61
    },
    {
      "matrix": [
        2.220446049250313e-16,
        -0.0960194804697611,
        -0.9953794549669573,
        0,
        1.3877787807814457e-17,
        0.9953794549669573,
        -0.0960194804697611,
        0,
        0.9999999999999999,
        0,
        2.220446049250313e-16,
        0,
        -0.278,
        4.47637,
        -5.22299,
        1
      ],
      "children": [
        122
      ]
    },
    {
      "mesh": 62
    },
    {
      "matrix": [
        2.220446049250313e-16,
        -0.0960194804697611,
        -0.9953794549669573,
        0,
        1.3877787807814457e-17,
        0.9953794549669573,
        -0.0960194804697611,
        0,
        0.9999999999999999,
        0,
        2.220446049250313e-16,
        0,
        -0.8514,
        4.47637,
        -5.22299,
        1
      ],
      "children": [
        124
      ]
    },
    {
      "mesh": 63
    },
    {
      "matrix": [
        2.220446049250313e-16,
        -0.0960194804697611,
        -0.9953794549669573,
        0,
        1.3877787807814457e-17,
        0.9953794549669573,
        -0.0960194804697611,
        0,
        0.9999999999999999,
        0,
        2.220446049250313e-16,
        0,
        -1.42993,
        4.47637,
        -5.22299,
        1
      ],
      "children": [
        126
      ]
    },
    {
      "mesh": 64
    },
    {
      "matrix": [
        2.220446049250313e-16,
        -0.0960194804697611,
        -0.9953794549669573,
        0,
        1.3877787807814457e-17,
        0.9953794549669573,
        -0.0960194804697611,
        0,
        0.9999999999999999,
        0,
        2.220446049250313e-16,
        0,
        -2.01209,
        4.47637,
        -5.22299,
        1
      ],
      "children": [
        128
      ]
    },
    {
      "mesh": 65
    },
    {
      "matrix": [
        2.220446049250313e-16,
        -0.0960194804697611,
        -0.9953794549669573,
        0,
        1.3877787807814457e-17,
        0.9953794549669573,
        -0.0960194804697611,
        0,
        0.9999999999999999,
        0,
        2.220446049250313e-16,
        0,
        -2.58335,
        4.47637,
        -5.22299,
        1
      ],
      "children": [
        130
      ]
    },
    {
      "mesh": 66
    },
    {
      "matrix": [
        1.1102230246251565e-16,
        0.09515081157871166,
        -0.9954628687479572,
        0,
        -2.0816681711721685e-17,
        0.9954628687479571,
        0.09515081157871166,
        0,
        1,
        6.938893903907228e-18,
        1.1102230246251565e-16,
        0,
        2.59187,
        4.47637,
        5.22085,
        1
      ],
      "children": [
        132
      ]
    },
    {
      "mesh": 67
    },
    {
      "matrix": [
        1.1102230246251565e-16,
        0.09515081157871166,
        -0.9954628687479572,
        0,
        -2.0816681711721685e-17,
        0.9954628687479571,
        0.09515081157871166,
        0,
        1,
        6.938893903907228e-18,
        1.1102230246251565e-16,
        0,
        2.00929,
        4.47637,
        5.22085,
        1
      ],
      "children": [
        134
      ]
    },
    {
      "mesh": 68
    },
    {
      "matrix": [
        1.1102230246251565e-16,
        0.09515081157871166,
        -0.9954628687479572,
        0,
        -2.0816681711721685e-17,
        0.9954628687479571,
        0.09515081157871166,
        0,
        1,
        6.938893903907228e-18,
        1.1102230246251565e-16,
        0,
        1.43813,
        4.47637,
        5.22085,
        1
      ],
      "children": [
        136
      ]
    },
    {
      "mesh": 69
    },
    {
      "matrix": [
        1.1102230246251565e-16,
        0.09515081157871166,
        -0.9954628687479572,
        0,
        -2.0816681711721685e-17,
        0.9954628687479571,
        0.09515081157871166,
        0,
        1,
        6.938893903907228e-18,
        1.1102230246251565e-16,
        0,
        0.85798,
        4.47637,
        5.22085,
        1
      ],
      "children": [
        138
      ]
    },
    {
      "mesh": 70
    },
    {
      "matrix": [
        1.1102230246251565e-16,
        0.09515081157871166,
        -0.9954628687479572,
        0,
        -2.0816681711721685e-17,
        0.9954628687479571,
        0.09515081157871166,
        0,
        1,
        6.938893903907228e-18,
        1.1102230246251565e-16,
        0,
        0.29487,
        4.47637,
        5.22085,
        1
      ],
      "children": [
        140
      ]
    },
    {
      "mesh": 71
    },
    {
      "matrix": [
        1.1102230246251565e-16,
        0.09515081157871166,
        -0.9954628687479572,
        0,
        -2.0816681711721685e-17,
        0.9954628687479571,
        0.09515081157871166,
        0,
        1,
        6.938893903907228e-18,
        1.1102230246251565e-16,
        0,
        -0.278,
        4.47637,
        5.22085,
        1
      ],
      "children": [
        142
      ]
    },
    {
      "mesh": 72
    },
    {
      "matrix": [
        1.1102230246251565e-16,
        0.09515081157871166,
        -0.9954628687479572,
        0,
        -2.0816681711721685e-17,
        0.9954628687479571,
        0.09515081157871166,
        0,
        1,
        6.938893903907228e-18,
        1.1102230246251565e-16,
        0,
        -0.8514,
        4.47637,
        5.22085,
        1
      ],
      "children": [
        144
      ]
    },
    {
      "mesh": 73
    },
    {
      "matrix": [
        1.1102230246251565e-16,
        0.09515081157871166,
        -0.9954628687479572,
        0,
        -2.0816681711721685e-17,
        0.9954628687479571,
        0.09515081157871166,
        0,
        1,
        6.938893903907228e-18,
        1.1102230246251565e-16,
        0,
        -1.42993,
        4.47637,
        5.22085,
        1
      ],
      "children": [
        146
      ]
    },
    {
      "mesh": 74
    },
    {
      "matrix": [
        1.1102230246251565e-16,
        0.09515081157871166,
        -0.9954628687479572,
        0,
        -2.0816681711721685e-17,
        0.9954628687479571,
        0.09515081157871166,
        0,
        1,
        6.938893903907228e-18,
        1.1102230246251565e-16,
        0,
        -2.01209,
        4.47637,
        5.22085,
        1
      ],
      "children": [
        148
      ]
    },
    {
      "mesh": 75
    },
    {
      "matrix": [
        1.1102230246251565e-16,
        0.09515081157871166,
        -0.9954628687479572,
        0,
        -2.0816681711721685e-17,
        0.9954628687479571,
        0.09515081157871166,
        0,
        1,
        6.938893903907228e-18,
        1.1102230246251565e-16,
        0,
        -2.58335,
        4.47637,
        5.22085,
        1
      ],
      "children": [
        150
      ]
    },
    {
      "mesh": 76
    },
    {
      "matrix": [
        1,
        0,
        0,
        0,
        0,
        1,
        0,
        0,
        0,
        0,
        1,
        0,
        3.07897,
        1.11227,
        0,
        1
      ],
      "children": [
        152
      ]
    },
    {
      "mesh": 77
    },
    {
      "matrix": [
        1,
        0,
        0,
        0,
        0,
        1,
        0,
        0,
        0,
        0,
        1,
        0,
        -3.08513,
        1.11227,
        0,
        1
      ],
      "children": [
        154
      ]
    },
    {
      "mesh": 78
    },
    {
      "matrix": [
        2.220446049250313e-16,
        0,
        -1,
        0,
        0,
        1,
        0,
        0,
        1,
        0,
        2.220446049250313e-16,
        0,
        -0.00104,
        1.11227,
        4.23959,
        1
      ],
      "children": [
        156
      ]
    },
    {
      "mesh": 79
    },
    {
      "matrix": [
        2.220446049250313e-16,
        0,
        -1,
        0,
        0,
        1,
        0,
        0,
        1,
        0,
        2.220446049250313e-16,
        0,
        -0.00104,
        1.11227,
        -4.22763,
        1
      ],
      "children": [
        158
      ]
    },
    {
      "mesh": 80
    },
    {
      "matrix": [
        1,
        0,
        0,
        0,
        0,
        1,
        0,
        0,
        0,
        0,
        1,
        0,
        -0.01311,
        1.11227,
        0,
        1
      ],
      "children": [
        160
      ]
    },
    {
      "mesh": 81
    },
    {
      "matrix": [
        2.220446049250313e-16,
        0,
        -1,
        0,
        0,
        1,
        0,
        0,
        1,
        0,
        2.220446049250313e-16,
        0,
        -0.00104,
        1.11227,
        3.47597,
        1
      ],
      "children": [
        162
      ]
    },
    {
      "mesh": 82
    },
    {
      "matrix": [
        2.220446049250313e-16,
        0,
        -1,
        0,
        0,
        1,
        0,
        0,
        1,
        0,
        2.220446049250313e-16,
        0,
        -0.00104,
        1.11227,
        2.92858,
        1
      ],
      "children": [
        164
      ]
    },
    {
      "mesh": 83
    },
    {
      "matrix": [
        2.220446049250313e-16,
        0,
        -1,
        0,
        0,
        1,
        0,
        0,
        1,
        0,
        2.220446049250313e-16,
        0,
        -0.00104,
        1.11227,
        2.40293,
        1
      ],
      "children": [
        166
      ]
    },
    {
      "mesh": 84
    },
    {
      "matrix": [
        2.220446049250313e-16,
        0,
        -1,
        0,
        0,
        1,
        0,
        0,
        1,
        0,
        2.220446049250313e-16,
        0,
        -0.00104,
        1.11227,
        1.87501,
        1
      ],
      "children": [
        168
      ]
    },
    {
      "mesh": 85
    },
    {
      "matrix": [
        2.220446049250313e-16,
        0,
        -1,
        0,
        0,
        1,
        0,
        0,
        1,
        0,
        2.220446049250313e-16,
        0,
        -0.00104,
        1.11227,
        1.33498,
        1
      ],
      "children": [
        170
      ]
    },
    {
      "mesh": 86
    },
    {
      "matrix": [
        2.220446049250313e-16,
        0,
        -1,
        0,
        0,
        1,
        0,
        0,
        1,
        0,
        2.220446049250313e-16,
        0,
        -0.00104,
        1.11227,
        0.79952,
        1
      ],
      "children": [
        172
      ]
    },
    {
      "mesh": 87
    },
    {
      "matrix": [
        2.220446049250313e-16,
        0,
        -1,
        0,
        0,
        1,
        0,
        0,
        1,
        0,
        2.220446049250313e-16,
        0,
        -0.00104,
        1.11227,
        0.26257,
        1
      ],
      "children": [
        174
      ]
    },
    {
      "mesh": 88
    },
    {
      "matrix": [
        2.220446049250313e-16,
        0,
        -1,
        0,
        0,
        1,
        0,
        0,
        1,
        0,
        2.220446049250313e-16,
        0,
        -0.00104,
        1.11227,
        -0.26336,
        1
      ],
      "children": [
        176
      ]
    },
    {
      "mesh": 89
    },
    {
      "matrix": [
        2.220446049250313e-16,
        0,
        -1,
        0,
        0,
        1,
        0,
        0,
        1,
        0,
        2.220446049250313e-16,
        0,
        -0.00104,
        1.11227,
        -0.78986,
        1
      ],
      "children": [
        178
      ]
    },
    {
      "mesh": 90
    },
    {
      "matrix": [
        2.220446049250313e-16,
        0,
        -1,
        0,
        0,
        1,
        0,
        0,
        1,
        0,
        2.220446049250313e-16,
        0,
        -0.00104,
        1.11227,
        -1.31327,
        1
      ],
      "children": [
        180
      ]
    },
    {
      "mesh": 91
    },
    {
      "matrix": [
        2.220446049250313e-16,
        0,
        -1,
        0,
        0,
        1,
        0,
        0,
        1,
        0,
        2.220446049250313e-16,
        0,
        -0.00104,
        1.11227,
        -1.83508,
        1
      ],
      "children": [
        182
      ]
    },
    {
      "mesh": 92
    },
    {
      "matrix": [
        2.220446049250313e-16,
        0,
        -1,
        0,
        0,
        1,
        0,
        0,
        1,
        0,
        2.220446049250313e-16,
        0,
        -0.00104,
        1.11227,
        -2.37095,
        1
      ],
      "children": [
        184
      ]
    },
    {
      "mesh": 93
    },
    {
      "matrix": [
        2.220446049250313e-16,
        0,
        -1,
        0,
        0,
        1,
        0,
        0,
        1,
        0,
        2.220446049250313e-16,
        0,
        -0.00104,
        1.11227,
        -2.91018,
        1
      ],
      "children": [
        186
      ]
    },
    {
      "mesh": 94
    },
    {
      "matrix": [
        2.220446049250313e-16,
        0,
        -1,
        0,
        0,
        1,
        0,
        0,
        1,
        0,
        2.220446049250313e-16,
        0,
        -0.00104,
        1.11227,
        -3.44862,
        1
      ],
      "children": [
        188
      ]
    },
    {
      "mesh": 95
    },
    {
      "matrix": [
        2.220446049250313e-16,
        1,
        0,
        0,
        -1,
        2.220446049250313e-16,
        0,
        0,
        0,
        0,
        1,
        0,
        4.24252,
        6.49956,
        0,
        1
      ],
      "children": [
        190
      ]
    },
    {
      "mesh": 96
    },
    {
      "matrix": [
        2.220446049250313e-16,
        1,
        0,
        0,
        -1,
        2.220446049250313e-16,
        0,
        0,
        0,
        0,
        1,
        0,
        -4.24723,
        6.49956,
        0,
        1
      ],
      "children": [
        192
      ]
    },
    {
      "mesh": 97
    },
    {
      "matrix": [
        1,
        0,
        0,
        0,
        0,
        1,
        0,
        0,
        0,
        0,
        1,
        0,
        3.97033,
        8.78766,
        0,
        1
      ],
      "children": [
        194
      ]
    },
    {
      "mesh": 98
    },
    {
      "matrix": [
        1,
        0,
        0,
        0,
        0,
        1,
        0,
        0,
        0,
        0,
        1,
        0,
        -3.97375,
        8.78766,
        0,
        1
      ],
      "children": [
        196
      ]
    },
    {
      "mesh": 99
    },
    {
      "matrix": [
        2.220446049250313e-16,
        1,
        0,
        0,
        -1,
        2.220446049250313e-16,
        0,
        0,
        0,
        0,
        1,
        0,
        -0.00954,
        11.16288,
        0,
        1
      ],
      "children": [
        198
      ]
    },
    {
      "children": [
        1,
        3,
        5,
        7,
        9,
        11,
        13,
        15,
        17,
        19,
        21,
        23,
        25,
        27,
        29,
        31,
        33,
        35,
        37,
        39,
        41,
        43,
        45,
        47,
        49,
        51,
        53,
        55,
        57,
        59,
        61,
        63,
        65,
        67,
        69,
        71,
        73,
        75,
        77,
        79,
        81,
        83,
        85,
        87,
        89,
        91,
        93,
        95,
        97,
        99,
        101,
        103,
        105,
        107,
        109,
        111,
        113,
        115,
        117,
        119,
        121,
        123,
        125,
        127,
        129,
        131,
        133,
        135,
        137,
        139,
        141,
        143,
        145,
        147,
        149,
        151,
        153,
        155,
        157,
        159,
        161,
        163,
        165,
        167,
        169,
        171,
        173,
        175,
        177,
        179,
        181,
        183,
        185,
        187,
        189,
        191,
        193,
        195,
        197,
        199
      ]
    }
  ],
  "meshes": [
    {
      "primitives": [
        {
          "mode": 4,
          "attributes": {
